{
  "camera_angle_x": 0.050646970204659476,
  "frames": [
    {
      "file_path": "images/520.04278564453125",
      "transform_matrix": [
        [
          -0.9949146963854743,
          -0.03422113844264913,
          0.09472940726030185,
          -1.0
        ],
        [
          0.0027451536942427954,
          0.9309492325991924,
          0.3651383168802881,
          524.2361450195312
        ],
        [
          -0.1006837178862306,
          0.36354152445994903,
          -0.9261211308170987,
          13.871190071105957
        ],
        [
          0.0,
          0.0,
          0.0,
          1.0
        ]
      ]
    },
    {
      "file_path": "images/664.96636962890625",
      "transform_matrix": [
        [
          -0.9998246704627456,
          -0.004345000162558768,
          0.018213986594090632,
          -1.0
        ],
        [
          -0.0030162673415124797,
          0.9973744580595189,
          0.07235393936618374,
          542.6255493164062
        ],
        [
          -0.018480542886692326,
          0.07228631533055362,
          -0.9972126945394072,
          19.64882469177246
        ],
        [
          0.0,
          0.0,
          0.0,
          1.0
        ]
      ]
    },
    {
      "file_path": "images/319.5802001953125",
      "transform_matrix": [
        [
          -0.946861886657648,
          -0.16610515179139096,
          0.2754299296436001,
          -1.0
        ],
        [
          0.1316273192706221,
          0.5812255637082345,
          0.8030262093566279,
          88.97744750976562
        ],
        [
          -0.2934737065168688,
          0.7966090149128392,
          -0.5284763579790934,
          49.559993743896484
        ],
        [
          0.0,
          0.0,
          0.0,
          1.0
        ]
      ]
    }
  ]
}