{
  "camera_angle_x": 0.75,
  "frames": [
    {
      "file_path": "images/frame_00001.jpeg",
      "transform_matrix": [
        [
          1.0,
          0,
          -0.0,
          2.5
        ],
        [
          0,
          1,
          0,
          0
        ],
        [
          0.0,
          0,
          1.0,
          0.0
        ],
        [
          0,
          0,
          0,
          1
        ]
      ],
      "fl_x": 1393.4526618538764,
      "fl_y": 1393.4526618538764,
      "cx": 548.5,
      "cy": 732.0
    },
    {
      "file_path": "images/frame_00002.jpeg",
      "transform_matrix": [
        [
          0.9629172873477994,
          0,
          -0.2697967711570243,
          2.4072932183694986
        ],
        [
          0,
          1,
          0,
          0
        ],
        [
          0.2697967711570243,
          0,
          0.9629172873477994,
          0.6744919278925607
        ],
        [
          0,
          0,
          0,
          1
        ]
      ],
      "fl_x": 1393.4526618538764,
      "fl_y": 1393.4526618538764,
      "cx": 548.5,
      "cy": 732.0
    },
    {
      "file_path": "images/frame_00003.jpeg",
      "transform_matrix": [
        [
          0.8544194045464886,
          0,
          -0.5195839500354336,
          2.1360485113662215
        ],
        [
          0,
          1,
          0,
          0
        ],
        [
          0.5195839500354336,
          0,
          0.8544194045464886,
          1.2989598750885838
        ],
        [
          0,
          0,
          0,
          1
        ]
      ],
      "fl_x": 1393.4526618538764,
      "fl_y": 1393.4526618538764,
      "cx": 548.5,
      "cy": 732.0
    },
    {
      "file_path": "images/frame_00004.jpg",
      "transform_matrix": [
        [
          0.6825531432186541,
          0,
          -0.730835964278124,
          1.7063828580466354
        ],
        [
          0,
          1,
          0,
          0
        ],
        [
          0.730835964278124,
          0,
          0.6825531432186541,
          1.82708991069531
        ],
        [
          0,
          0,
          0,
          1
        ]
      ],
      "fl_x": 1524.2873238146324,
      "fl_y": 1524.2873238146324,
      "cx": 600.0,
      "cy": 800.0
    },
    {
      "file_path": "images/frame_00005.jpg",
      "transform_matrix": [
        [
          0.4600650377311522,
          0,
          -0.8878852184023752,
          1.1501625943278806
        ],
        [
          0,
          1,
          0,
          0
        ],
        [
          0.8878852184023752,
          0,
          0.4600650377311522,
          2.219713046005938
        ],
        [
          0,
          0,
          0,
          1
        ]
      ],
      "fl_x": 1524.2873238146324,
      "fl_y": 1524.2873238146324,
      "cx": 600.0,
      "cy": 800.0
    },
    {
      "file_path": "images/frame_00006.jpg",
      "transform_matrix": [
        [
          0.20345601305263375,
          0,
          -0.9790840876823229,
          0.5086400326315844
        ],
        [
          0,
          1,
          0,
          0
        ],
        [
          0.9790840876823229,
          0,
          0.20345601305263375,
          2.447710219205807
        ],
        [
          0,
          0,
          0,
          1
        ]
      ],
      "fl_x": 1524.2873238146324,
      "fl_y": 1524.2873238146324,
      "cx": 600.0,
      "cy": 800.0
    },
    {
      "file_path": "images/frame_00007.jpg",
      "transform_matrix": [
        [
          -0.06824241336467088,
          0,
          -0.9976687691905392,
          -0.17060603341167718
        ],
        [
          0,
          1,
          0,
          0
        ],
        [
          0.9976687691905392,
          0,
          -0.06824241336467088,
          2.494171922976348
        ],
        [
          0,
          0,
          0,
          1
        ]
      ],
      "fl_x": 1524.2873238146324,
      "fl_y": 1524.2873238146324,
      "cx": 600.0,
      "cy": 800.0
    },
    {
      "file_path": "images/frame_00008.jpg",
      "transform_matrix": [
        [
          -0.33487961217098616,
          0,
          -0.9422609221188205,
          -0.8371990304274655
        ],
        [
          0,
          1,
          0,
          0
        ],
        [
          0.9422609221188205,
          0,
          -0.33487961217098616,
          2.3556523052970513
        ],
        [
          0,
          0,
          0,
          1
        ]
      ],
      "fl_x": 1524.2873238146324,
      "fl_y": 1524.2873238146324,
      "cx": 600.0,
      "cy": 800.0
    },
    {
      "file_path": "images/frame_00009.jpg",
      "transform_matrix": [
        [
          -0.5766803221148671,
          0,
          -0.8169698930104421,
          -1.4417008052871676
        ],
        [
          0,
          1,
          0,
          0
        ],
        [
          0.8169698930104421,
          0,
          -0.5766803221148671,
          2.042424732526105
        ],
        [
          0,
          0,
          0,
          1
        ]
      ],
      "fl_x": 1524.2873238146324,
      "fl_y": 1524.2873238146324,
      "cx": 600.0,
      "cy": 800.0
    },
    {
      "file_path": "images/frame_00010.jpg",
      "transform_matrix": [
        [
          -0.7757112907044197,
          0,
          -0.631087944326053,
          -1.9392782267610493
        ],
        [
          0,
          1,
          0,
          0
        ],
        [
          0.631087944326053,
          0,
          -0.7757112907044197,
          1.5777198608151324
        ],
        [
          0,
          0,
          0,
          1
        ]
      ],
      "fl_x": 1524.2873238146324,
      "fl_y": 1524.2873238146324,
      "cx": 600.0,
      "cy": 800.0
    },
    {
      "file_path": "images/frame_00011.jpg",
      "transform_matrix": [
        [
          -0.917211301505453,
          0,
          -0.3984010898462414,
          -2.293028253763633
        ],
        [
          0,
          1,
          0,
          0
        ],
        [
          0.3984010898462414,
          0,
          -0.917211301505453,
          0.9960027246156035
        ],
        [
          0,
          0,
          0,
          1
        ]
      ],
      "fl_x": 1524.2873238146324,
      "fl_y": 1524.2873238146324,
      "cx": 600.0,
      "cy": 800.0
    },
    {
      "file_path": "images/frame_00012.jpg",
      "transform_matrix": [
        [
          -0.9906859460363306,
          0,
          -0.1361666490962471,
          -2.476714865090827
        ],
        [
          0,
          1,
          0,
          0
        ],
        [
          0.1361666490962471,
          0,
          -0.9906859460363306,
          0.34041662274061774
        ],
        [
          0,
          0,
          0,
          1
        ]
      ],
      "fl_x": 1524.2873238146324,
      "fl_y": 1524.2873238146324,
      "cx": 600.0,
      "cy": 800.0
    },
    {
      "file_path": "images/frame_00013.jpg",
      "transform_matrix": [
        [
          -0.9906859460363308,
          0,
          0.1361666490962464,
          -2.476714865090827
        ],
        [
          0,
          1,
          0,
          0
        ],
        [
          -0.1361666490962464,
          0,
          -0.9906859460363308,
          -0.340416622740616
        ],
        [
          0,
          0,
          0,
          1
        ]
      ],
      "fl_x": 1524.2873238146324,
      "fl_y": 1524.2873238146324,
      "cx": 600.0,
      "cy": 800.0
    },
    {
      "file_path": "images/frame_00014.jpg",
      "transform_matrix": [
        [
          -0.9172113015054529,
          0,
          0.39840108984624156,
          -2.2930282537636324
        ],
        [
          0,
          1,
          0,
          0
        ],
        [
          -0.39840108984624156,
          0,
          -0.9172113015054529,
          -0.9960027246156039
        ],
        [
          0,
          0,
          0,
          1
        ]
      ],
      "fl_x": 1524.2873238146324,
      "fl_y": 1524.2873238146324,
      "cx": 600.0,
      "cy": 800.0
    },
    {
      "file_path": "images/frame_00015.jpg",
      "transform_matrix": [
        [
          -0.7757112907044198,
          0,
          0.6310879443260528,
          -1.9392782267610496
        ],
        [
          0,
          1,
          0,
          0
        ],
        [
          -0.6310879443260528,
          0,
          -0.7757112907044198,
          -1.577719860815132
        ],
        [
          0,
          0,
          0,
          1
        ]
      ],
      "fl_x": 1524.2873238146324,
      "fl_y": 1524.2873238146324,
      "cx": 600.0,
      "cy": 800.0
    },
    {
      "file_path": "images/frame_00016.jpg",
      "transform_matrix": [
        [
          -0.5766803221148672,
          0,
          0.816969893010442,
          -1.441700805287168
        ],
        [
          0,
          1,
          0,
          0
        ],
        [
          -0.816969893010442,
          0,
          -0.5766803221148672,
          -2.042424732526105
        ],
        [
          0,
          0,
          0,
          1
        ]
      ],
      "fl_x": 1524.2873238146324,
      "fl_y": 1524.2873238146324,
      "cx": 600.0,
      "cy": 800.0
    },
    {
      "file_path": "images/frame_00017.jpg",
      "transform_matrix": [
        [
          -0.3348796121709864,
          0,
          0.9422609221188204,
          -0.8371990304274659
        ],
        [
          0,
          1,
          0,
          0
        ],
        [
          -0.9422609221188204,
          0,
          -0.3348796121709864,
          -2.355652305297051
        ],
        [
          0,
          0,
          0,
          1
        ]
      ],
      "fl_x": 1524.2873238146324,
      "fl_y": 1524.2873238146324,
      "cx": 600.0,
      "cy": 800.0
    },
    {
      "file_path": "images/frame_00018.jpg",
      "transform_matrix": [
        [
          -0.06824241336467046,
          0,
          0.9976687691905393,
          -0.17060603341167616
        ],
        [
          0,
          1,
          0,
          0
        ],
        [
          -0.9976687691905393,
          0,
          -0.06824241336467046,
          -2.4941719229763484
        ],
        [
          0,
          0,
          0,
          1
        ]
      ],
      "fl_x": 1524.2873238146324,
      "fl_y": 1524.2873238146324,
      "cx": 600.0,
      "cy": 800.0
    },
    {
      "file_path": "images/frame_00019.jpg",
      "transform_matrix": [
        [
          0.2034560130526333,
          0,
          0.979084087682323,
          0.5086400326315833
        ],
        [
          0,
          1,
          0,
          0
        ],
        [
          -0.979084087682323,
          0,
          0.2034560130526333,
          -2.4477102192058076
        ],
        [
          0,
          0,
          0,
          1
        ]
      ],
      "fl_x": 1524.2873238146324,
      "fl_y": 1524.2873238146324,
      "cx": 600.0,
      "cy": 800.0
    },
    {
      "file_path": "images/frame_00020.jpg",
      "transform_matrix": [
        [
          0.4600650377311516,
          0,
          0.8878852184023756,
          1.150162594327879
        ],
        [
          0,
          1,
          0,
          0
        ],
        [
          -0.8878852184023756,
          0,
          0.4600650377311516,
          -2.219713046005939
        ],
        [
          0,
          0,
          0,
          1
        ]
      ],
      "fl_x": 1524.2873238146324,
      "fl_y": 1524.2873238146324,
      "cx": 600.0,
      "cy": 800.0
    },
    {
      "file_path": "images/frame_00021.jpg",
      "transform_matrix": [
        [
          0.6825531432186542,
          0,
          0.730835964278124,
          1.7063828580466356
        ],
        [
          0,
          1,
          0,
          0
        ],
        [
          -0.730835964278124,
          0,
          0.6825531432186542,
          -1.82708991069531
        ],
        [
          0,
          0,
          0,
          1
        ]
      ],
      "fl_x": 1524.2873238146324,
      "fl_y": 1524.2873238146324,
      "cx": 600.0,
      "cy": 800.0
    },
    {
      "file_path": "images/frame_00022.jpg",
      "transform_matrix": [
        [
          0.8544194045464886,
          0,
          0.5195839500354336,
          2.1360485113662215
        ],
        [
          0,
          1,
          0,
          0
        ],
        [
          -0.5195839500354336,
          0,
          0.8544194045464886,
          -1.2989598750885838
        ],
        [
          0,
          0,
          0,
          1
        ]
      ],
      "fl_x": 1524.2873238146324,
      "fl_y": 1524.2873238146324,
      "cx": 600.0,
      "cy": 800.0
    },
    {
      "file_path": "images/frame_00023.jpg",
      "transform_matrix": [
        [
          0.962917287347799,
          0,
          0.2697967711570252,
          2.4072932183694977
        ],
        [
          0,
          1,
          0,
          0
        ],
        [
          -0.2697967711570252,
          0,
          0.962917287347799,
          -0.6744919278925631
        ],
        [
          0,
          0,
          0,
          1
        ]
      ],
      "fl_x": 1524.2873238146324,
      "fl_y": 1524.2873238146324,
      "cx": 600.0,
      "cy": 800.0
    }
  ]
}